# file generated by UVMapper
# NumVerts/NumTVerts/NumVNormals/NumFacets   8/24/30/6
# NumGroups/NumMaterials/NumRegions   1/1/0
# x/y/color/ppu   1024/745/0/50.00000000

v -11.92090034 -15.87440014 -44.52949905
v -45.61449814 -25.04080009  0.93080997
v -11.92090034  36.54639816 -33.95970154
v -45.61449814  27.37999916  11.50070000
v  34.45439911 -22.53420067 -11.50070000
v  0.76081997 -31.70059967  33.95959854
v  34.45439911  29.88660049 -0.93083000
v  0.76081997  20.72019958  44.52949905

vt  0.89035118  0.62465715
vt  0.76696002  0.60032809
vt  0.76696002  0.40882882
vt  0.89035118  0.43315786
vt  0.40035120  0.37534291
vt  0.40035120  0.56684220
vt  0.27696002  0.59117121
vt  0.27696002  0.39967194
vt  0.14095663  0.39967194
vt  0.16908002  0.59117121
vt  0.04812315  0.62465715
vt  0.02000000  0.43315786
vt  0.63095671  0.60032809
vt  0.50999999  0.56684220
vt  0.53812343  0.37534291
vt  0.65908003  0.40882882
vt  0.27696002  0.77031517
vt  0.40035120  0.64965713
vt  0.48999998  0.81572902
vt  0.36660886  0.93638730
vt  0.48999998  0.14565805
vt  0.40035120  0.31172982
vt  0.27696002  0.19107181
vt  0.36660886  0.02500000

vn  0.58778000  0.15990999 -0.79306000
vn -0.58778000 -0.15990999  0.79306000
vn -0.80901998  0.11618000 -0.57618999
vn  0.80901998 -0.11618000  0.57618999
vn  0.00000000  0.98027003  0.19766000
vn  0.00000000 -0.98027003 -0.19766000
vn  0.58778000  0.15990999 -0.79306000
vn  0.00000000 -0.98027003 -0.19766000
vn -0.80901998  0.11618000 -0.57618999
vn -0.58778000 -0.15990999  0.79306000
vn  0.00000000 -0.98027003 -0.19766000
vn -0.80901998  0.11618000 -0.57618999
vn  0.58778000  0.15990999 -0.79306000
vn  0.00000000  0.98027003  0.19766000
vn -0.80901998  0.11618000 -0.57618999
vn -0.58778000 -0.15990999  0.79306000
vn  0.00000000  0.98027003  0.19766000
vn -0.80901998  0.11618000 -0.57618999
vn  0.58778000  0.15990999 -0.79306000
vn  0.00000000 -0.98027003 -0.19766000
vn  0.80901998 -0.11618000  0.57618999
vn -0.58778000 -0.15990999  0.79306000
vn  0.00000000 -0.98027003 -0.19766000
vn  0.80901998 -0.11618000  0.57618999
vn  0.58778000  0.15990999 -0.79306000
vn  0.00000000  0.98027003  0.19766000
vn  0.80901998 -0.11618000  0.57618999
vn -0.58778000 -0.15990999  0.79306000
vn  0.00000000  0.98027003  0.19766000
vn  0.80901998 -0.11618000  0.57618999

g cube01
usemtl ___default___
f 3/1/13 7/2/25 5/3/19 1/4/7
f 6/5/22 8/6/28 4/7/16 2/8/10
f 2/9/12 4/10/18 3/11/15 1/12/9
f 7/13/27 8/14/30 6/15/24 5/16/21
f 4/17/17 8/18/29 7/19/26 3/20/14
f 5/21/20 6/22/23 2/23/11 1/24/8
